10 10 1111111111100000000110110000011011110001101111110110111111011011110001101100000110000000011111111111 Play Button
10 10 0000000000111111100000010000000011100010011011111001111111100011110000000100000000111000000000000000 Helicopter
10 10 0000000000000111100000111111000111111110011111111001110011100100110010001000010000011110000000000000 Pokeball
10 10 0001111000011111111001111111101111111111111100111110010010011000110001010000001001100001100001111000 Pokeball
10 10 0001111000011111011001110100101111110001111110000111110000011111010001011100001001111111100001111000 Yin Yang
10 10 0000000000000111100000110001000010000000011111100000100000000111111000001000000000110001000001111000 Euro
10 10 0000000000001000000001110000001111100000010111110000011111100011111110010100101000010010100000000000 Horse
10 10 0000000000011000001101100011110000011111110000000011110000001111100110000000111100001111110000000000 Cloudy Night
10 10 0000000000000000000000011000000011110110011111110101111111111111111110011111100001100110000000000000 Turtle
10 10 0000000000000000000000011000000011110110011111110101111111111111111110011111100001100110000000000000 
